0,229
0,360
0,228
0,359
0,227
0,358
0,226
0,357
0,225
0,356
0,224
0,355
0,223
0,354
0,222
0,353
0,221
0,352
0,220
0,351
0,219
0,350
0,217
0,348
0,1
0,436
14,0
14,35
14,34
0,435
0,410
0,0
0,324
7,4
7,3
8,4
16,1
16,0
14,127
14,126
14,125
14,124
14,123
14,122
14,121
14,120
14,119
14,112
14,111
14,110
0,405
0,275
14,109
0,240
14,108
0,230
0,361
14,107
0,218
0,349
0,216
0,347
0,215
0,346
0,214
14,106
14,105
14,104
14,103
14,102
14,101
14,100
14,99
14,98
14,97
14,96
14,95
14,94
14,93
14,92
14,91
14,90
14,89
14,88
14,87
14,86
14,85
14,84
14,83
14,82
14,81
14,80
14,79
14,78
14,77
0,345
0,213
0,344
0,212
0,343
0,211
0,342
0,210
14,76
0,341
0,209
0,340
11,4
12,3
0,208
0,339
0,207
0,338
0,206
0,337
0,205
14,75
0,336
0,204
0,335
0,203
14,65
14,64
14,1
0,434
0,202
0,433
0,201
0,200
0,334
0,199
14,2
0,333
0,198
0,432
0,197
0,332
0,196
0,331
0,195
0,330
15,2
0,194
16,2
6,5
12,5
8,5
5,3
5,4
6,3
6,4
0,193
0,328
10,4
0,192
0,327
9,3
9,4
14,32
14,11
14,3
14,5
0,63
0,326
0,62
0,325
0,61
0,323
12,4
8,3
10,3
9,5
0,60
0,322
0,59
0,321
0,58
0,320
0,57
0,319
0,56
0,318
0,55
16,7
0,317
16,6
16,5
16,4
16,3
0,54
15,5
15,4
0,316
15,3
0,53
0,315
0,52
0,314
0,51
0,313
0,50
0,312
14,4
0,49
0,311
0,48
0,310
0,47
0,309
0,46
0,308
0,45
0,307
0,6
0,301
0,300
0,431
0,299
0,430
0,298
0,429
0,297
0,428
0,296
0,427
0,295
0,426
0,294
0,425
0,293
0,424
0,292
0,423
0,291
0,422
0,290
0,421
0,289
0,420
0,288
0,419
0,287
0,418
0,286
0,417
0,285
2,5
2,4
2,3
0,416
0,284
0,415
0,283
0,414
0,282
0,413
1,3
0,281
0,412
0,280
0,411
0,279
0,409
0,278
0,408
0,277
0,407
0,276
0,406
0,274
0,404
0,273
0,403
0,272
14,39
0,402
0,271
0,401
0,270
0,400
0,269
0,399
0,268
0,398
0,267
0,397
0,266
0,396
0,265
0,395
0,264
0,394
0,263
0,393
0,262
0,392
0,261
0,391
0,260
0,390
0,259
0,389
0,258
0,388
0,257
0,387
0,256
0,386
0,255
0,385
0,254
0,384
0,253
0,383
0,252
0,382
0,251
0,381
0,250
0,380
0,249
0,379
0,248
0,378
0,247
0,377
0,246
0,376
0,371
0,245
0,375
0,244
0,374
0,242
0,373
0,372
0,241
14,26
14,25
14,24
14,23
14,22
14,21
14,20
14,19
14,18
14,17
14,16
14,15
14,14
14,13
14,12
14,9
14,8
14,7
14,6
14,37
0,239
0,370
0,238
0,369
0,237
0,368
0,236
0,367
0,235
0,366
0,234
0,365
0,233
0,364
0,232
0,363
0,231
0,362
0,304
0,303
0,12
0,11
0,10
0,8
2,1
15,1
13,4
13,3
13,2
13,1
12,8
12,7
12,6
12,2
12,1
11,5
11,3
11,2
11,1
10,2
10,1
9,2
9,1
8,2
8,1
7,5
7,2
7,1
6,2
6,1
5,6
5,5
5,2
5,1
2,2
2,0
0,243
0,9
1,2
3,0
3,2
3,4
3,5
4,0
4,1
4,3
4,2
3,6
3,3
3,1
1,1
1,0
0,5
0,306
0,305
0,302
0,4
0,2
0,3
0,7
15,0
13,0
12,0
11,0
10,0
9,0
8,0
7,0
6,0
5,0
